-245
-169
195
126
-125
-257
49
137
181
19
109
-294
40
212
-281
-139
-5
219
-283
264
13
222
14
57
154
35
-260
-100
-177
-205
-63
178
-98
-182
-164
88
263
-165
-61
-180
-13
-269
-122
-44
69
-26
259
-282
-80
282
-202
28
-146
285
-145
-232
38
-17
70
273
-156
176
153
-35
29
-258
-179
-188
201
67
-11
174
245
-12
-252
118
149
133
-42
92
187
-168
-19
-124
55
211
116
-174
41
-15
-108
-229
-230
-247
-185
-144
155
-28
-30
196
-64
47
-276
-129
-37
-226
-153
-20
-32
-300
-222
-233
78
21
131
-33
-216
-16
223
235
-219
86
77
-172
257
139
-31
97
63
277
284
-88
-191
-167
138
37
268
210
204
-47
119
232
-175
18
39
-221
-266
42
-259
-97
-69
-291
31
290
261
-21
-83
267
297
123
73
250
-115
-106
186
-293
17
-86
-170
-57
26
52
9
-78
217
-113
-270
45
-278
-107
108
53
-236
-27
283
-198
249
-160
275
-299
251
134
106
84
16
-255
-147
-48
-267
-274
-62
-103
124
237
107
-237
190
-10
292
-104
145
-87
170
-76
-3
-243
242
15
185
193
-110
-253
171
-45
127
144
-77
-25
-23
-111
220
-171
33
-214
82
253
-248
238
143
50
85
-184
227
-227
94
-239
110
-120
150
169
-224
4
113
166
141
59
132
-154
147
-136
44
-116
156
-58
-295
266
100
101
-220
-296
-135
23
159
241
205
111
194
115
151
-59
-292
-99
-194
244
-132
-95
-101
-200
-68
206
-85
-275
-217
102
180
270
-148
152
-92